0 2 5.50.976018 -0.0367628 0.2145630.0359054 0.999324 0.00789328
21.5607 -12.2719 1.983170.784456 -0.575137 -0.2320480.551513 0.818057 -0.163142
37.6167 -17.3486 -20.14220.887908 -0.0860078 -0.4519080.076651 0.996294 -0.0390122
100.031 -19.8862 1.154950.921414 -0.0700568 0.3822150.0647103 0.997543 0.0268427
120.226 -19.3127 -6.484170.915157 0.00988576 -0.402977-0.00904746 0.999951 0.00398392
194.896 -18.5922 -8.423760.998937 -0.0421015 -0.01877110.0420941 0.999113 -0.000790995
252.1 -19.2664 32.21150.797009 -0.0700566 0.599890.0559733 0.997543 0.0421298
324.141 -13.3243 84.77510.875368 0.089765 0.475051-0.0788959 0.995963 -0.0428158
322.501 -9.72074 128.665-0.0383773 0.0378769 0.9985450.00145466 0.999282 -0.0378489
249.249 -19.0417 9.95492-0.474911 -0.0341074 -0.879373-0.0162074 0.999418 -0.0300106
149.435 -13.0803 -51.2121-0.880093 0.0578536 -0.4712640.051002 0.998325 0.0273101
65.3943 -9.2359 -97.7764-0.850122 -0.165351 -0.499952-0.142531 0.986235 -0.0838214
1.71185 -6.11506 -133.113-0.874753 0.0498652 -0.4819970.043674 0.998756 0.0240648
-57.7141 7.65669 -165.964-0.52589 0.0458695 0.8493150.0241477 0.998948 -0.0389987
-142.498 18.6821 -19.0247-0.573195 0.00588551 0.8193980.0033736 0.999983 -0.00482266
-59.2364 36.2175 -264.6260.311471 0.0218839 -0.950004-0.00681782 0.999761 0.0207947
133.564 -17.9138 -93.27610.719448 -0.200741 0.6649040.147424 0.979644 0.136247
199.469 -22.6183 -46.42210.813653 -0.0580817 0.5784420.0473383 0.998312 0.0336537
210.773 -21.1256 0.5653820.87271 0.00988543 -0.488139-0.00862754 0.999951 0.0048257
